noobreplace,5023,1159,5024,5014,5013,119,416,64,5024,368,90,225,398,234,307,378,78,98,1622,253,101,218,217,251,125,373,475,321,366,1601,1500,1519,1501,365,388,106,5028,412,379,5052,306,221,0
noobzones,31,104,246,439,247,248,249,250,251,130,124,131,132,133,138,263,114,5560,182,183,142,312,32,33,119,336,316,225,226,365,366,4,118,189,302,303,276,108,109,111,304,306,332,112,191,333,362
dungeons,19,23,36,264,56,430,149,156,277,199,273,241,419,279,329,252,353,354,103,61,224,136,58,187,46,347,258,172,423,331,186,193,190,43,2,424,44,5,137,344,97,140,393,363,278,
raids,3,113,143,162,163,223,280,
rejected,0,5032,416,1503,1499,1541,326,1509,1627,1628,333,265,437,330,1513,248,312,345,441,1485,263,262,1504,1487,1584,355,221,1512,1656,235,415,1486,284,337,267,281,320,404,429,1484,370,1502,246,311,341,334,460,239,238,272,336,442,1510,5049,5052,269,271,280,329,447,223,1511,255,344,230,245,1505,1542,241,1597,220,362,5039,242,244,229,270,305,363,237,275,286,445,1576,144,226,227,240,291,340,405,342,1709,236,292,443,1021,1023,1561,261,324,331,1052,121,302,1718,
giants,419,448,190,519,520,5009,5016,
noobreprandom,5023,1159,5014,5013,119,
noncombatzones,9,18,115,116,160,188,253,5880,
outdoorskip,1513,382,1597,276,235,362,330,291,269,229,272,310,302,355,311,246,345,248,312,441,1552,332,230,266,331,336,361,442,305,226,342,341,262,1502,267,242,231,326,242,121,223,219,144,284,280,1509,1541,
forbiddensgs,4119,5424,5472,6883,12368,54753,54798,67736,68511,99792,117656,117657,275105,275156,275157,3202,4959,7298,8833,14226,16401,16410,74461,
nofactionban,500

